14
10
0
0.777615
11
0
0.712289
12
4
0.540778
13
4
0.549
14
2
0.263262
15
2
0.225205
16
0
0.50745
17
0
0.12089
18
0
0.429989
19
2
0.629847
20
6
0.885927
21
3
0.313857
22
0
0.894966
23
0
0.270472
10
0
1.55936e-006
-24.3365
1
0.00155397
8.69723
2
1.51828e-009
-0.142765
3
0.00838099
-8.89915
4
0.00129986
-2.16895
5
0.200096
4.47566
6
4.0691e-012
-16.3166
7
2.87382e-005
5.08624
8
0.987777
-26.4246
9
0.00721495
-11.8135
140
10
0
0.661896
10
1
0.159261
10
2
0.693647
10
3
0.923733
10
4
0.638461
10
5
0.815269
10
6
0.960058
10
7
0.133056
10
8
0.308814
10
9
0.0848703
11
0
-3.68617
11
1
-2.22103
11
2
0.854713
11
3
0.713216
11
4
-2.889
11
5
-1.08416
11
6
3.71966
11
7
-2.38843
11
8
-6.77393
11
9
-5.31176
12
0
-0.567674
12
1
-0.211305
12
2
1.06579
12
3
2.62445
12
4
-0.930991
12
5
1.20793
12
6
-1.6206
12
7
-2.18097
12
8
2.11734
12
9
-1.2572
13
0
2.60543
13
1
-0.942923
13
2
-4.15179
13
3
-0.91196
13
4
1.35787
13
5
-1.20805
13
6
2.40306
13
7
-1.81874
13
8
1.88665
13
9
3.18232
14
0
1.19026
14
1
-1.49777
14
2
2.19809
14
3
-2.26307
14
4
0.249746
14
5
-1.66434
14
6
2.937
14
7
-0.728118
14
8
1.64559
14
9
-1.34874
15
0
-1.4157
15
1
-1.91082
15
2
-1.38003
15
3
0.140838
15
4
-0.182203
15
5
-0.392764
15
6
-9.10973
15
7
1.63873
15
8
0.620325
15
9
0.732829
16
0
-5.62284
16
1
-4.32299
16
2
0.667807
16
3
-0.562082
16
4
-8.74646
16
5
-3.69491
16
6
-0.0137716
16
7
10.182
16
8
0.961629
16
9
-6.19622
17
0
0.916427
17
1
0.423113
17
2
0.761471
17
3
0.424819
17
4
0.0545951
17
5
0.561998
17
6
0.729888
17
7
0.891519
17
8
0.249324
17
9
0.971057
18
0
-0.415281
18
1
-1.43271
18
2
0.350425
18
3
1.40293
18
4
-0.807467
18
5
0.28714
18
6
-5.21596
18
7
1.74051
18
8
-3.9079
18
9
-2.5879
19
0
4.22859
19
1
-0.234826
19
2
-0.0339205
19
3
-0.0300784
19
4
-0.113819
19
5
0.303037
19
6
-0.741697
19
7
0.131367
19
8
-2.17107
19
9
-0.475378
20
0
-1.24474
20
1
-0.00994554
20
2
-1.20493
20
3
0.0256361
20
4
-1.46492
20
5
-0.336512
20
6
0.365865
20
7
-0.122567
20
8
1.35382
20
9
1.39249
21
0
0.758801
21
1
-1.07106
21
2
-0.719188
21
3
0.450397
21
4
0.895868
21
5
-0.711506
21
6
-0.469049
21
7
-0.297819
21
8
-0.800607
21
9
0.650449
22
0
1.45968
22
1
-2.61503
22
2
0.814218
22
3
-15.3629
22
4
-0.326413
22
5
2.25051
22
6
-2.88021
22
7
-2.01119
22
8
0.651399
22
9
-7.16332
23
0
-2.32649
23
1
0.145171
23
2
-1.59753
23
3
-1.26871
23
4
-3.97583
23
5
-1.31401
23
6
-9.97975
23
7
0.0725869
23
8
0.304399
23
9
0.731953
