14
10
0
0.393709
11
0
0.178297
12
0
0.449585
13
5
0.340701
14
3
0.725182
15
2
0.947662
16
0
0.0791951
17
0
0.0412554
18
0
0.102909
19
1
0.265785
20
5
0.206846
21
3
0.20847
22
0
0.916587
23
0
0.649546
10
0
3.91852e-009
-21.0966
1
0.00141368
10.4642
2
2.52349e-012
-0.157852
3
7.13464e-013
-12.7459
4
0.489971
-0.843139
5
0.00060617
5.97198
6
5.37653e-005
-19.962
7
0.0129385
4.2782
8
0.00299452
-25.7586
9
0.00288864
-11.9695
140
10
0
0.316483
10
1
0.523187
10
2
0.726889
10
3
0.895048
10
4
0.982498
10
5
0.028122
10
6
0.828738
10
7
0.0138175
10
8
0.502256
10
9
0.0409012
11
0
-3.78306
11
1
-1.5259
11
2
0.784472
11
3
-1.42214
11
4
-2.15394
11
5
-0.533863
11
6
2.86821
11
7
-2.01081
11
8
-5.9933
11
9
-3.84596
12
0
0.26398
12
1
-0.638609
12
2
0.734031
12
3
1.11383
12
4
-0.315648
12
5
0.181597
12
6
-1.88967
12
7
-1.54077
12
8
4.11766
12
9
-1.28373
13
0
0.940731
13
1
-0.700286
13
2
-4.95992
13
3
-3.26585
13
4
1.04405
13
5
-1.57096
13
6
3.41056
13
7
-1.03194
13
8
2.43383
13
9
1.91823
14
0
0.293706
14
1
-1.9599
14
2
1.85126
14
3
-1.89655
14
4
-0.741498
14
5
-0.884024
14
6
3.74461
14
7
-0.939823
14
8
2.11354
14
9
-0.838607
15
0
-1.25236
15
1
-2.06797
15
2
-1.68182
15
3
-1.52772
15
4
-0.587829
15
5
0.369339
15
6
-9.56366
15
7
0.941545
15
8
0.813132
15
9
0.825758
16
0
-2.77877
16
1
0.117655
16
2
0.384982
16
3
0.752878
16
4
-10.4594
16
5
-2.36575
16
6
0.40928
16
7
9.46021
16
8
0.812473
16
9
-5.98383
17
0
0.201186
17
1
0.122633
17
2
0.496023
17
3
0.89638
17
4
0.772835
17
5
0.653055
17
6
0.666309
17
7
0.741865
17
8
0.262334
17
9
0.66614
18
0
-1.02569
18
1
-2.33348
18
2
0.494156
18
3
2.16201
18
4
0.184796
18
5
-0.477115
18
6
-5.75159
18
7
1.05847
18
8
-2.93296
18
9
-1.12573
19
0
3.52779
19
1
-0.620303
19
2
0.387922
19
3
1.03417
19
4
0.505378
19
5
0.387156
19
6
-2.10638
19
7
0.0337695
19
8
-1.43272
19
9
-2.47653
20
0
-1.1693
20
1
0.0109508
20
2
-0.859473
20
3
1.03513
20
4
-1.49453
20
5
-0.563556
20
6
1.24134
20
7
-0.502459
20
8
1.10498
20
9
0.801354
21
0
0.325908
21
1
-0.984059
21
2
-0.00953634
21
3
1.21391
21
4
0.774805
21
5
-0.395141
21
6
-1.04294
21
7
-0.0446225
21
8
-1.43325
21
9
1.08234
22
0
-1.30326
22
1
-2.0464
22
2
3.36138
22
3
-12.3648
22
4
-2.47015
22
5
3.37139
22
6
-3.45829
22
7
-1.96606
22
8
0.619241
22
9
-5.46784
23
0
-0.0674944
23
1
0.380676
23
2
-0.341866
23
3
0.642741
23
4
0.644548
23
5
-6.26748
23
6
0.293207
23
7
0.820992
23
8
7.10108
23
9
0.816263
